face_0: (-0.40519046121338487, -1.8001961452478679, 0.2972000000000001)
face_0: (-0.3841731360494587, -1.7924149504551123, 0.2972000000000004)
face_0: (-0.3809526077703334, -1.7515946767645947, 0.29720000000000035)
face_0: (-0.39640832472720966, -1.8090827881803107, 0.2972000000000001)
face_0: (-0.42843471468038175, -1.8355547963561962, 0.2972)
face_0: (-0.4070784784358155, -1.8778965143928334, 0.2972)
face_0: (-0.41316790032016276, -1.8981405859058968, 0.2972000000000003)
face_0: (-0.4160516050259717, -1.9166257812810983, 0.2972)
face_0: (-0.4194166784185848, -1.9379436773223775, 0.29720000000000024)
face_0: (-0.41559126722747536, -1.9471180007293998, 0.2971999999999998)
face_0: (-0.4064721447677308, -1.950824517777776, 0.2972000000000002)
face_0: (-0.397922728494429, -1.950958105655547, 0.2972000000000005)
face_0: (-0.3618063570638438, -1.9434025324505226, 0.29720000000000024)
face_0: (-0.36987570721637275, -1.9264823031670208, 0.29720000000000035)
face_0: (-0.30726974552981506, -1.909006391729502, 0.29720000000000024)
face_0: (-0.3389554949264012, -1.8222580591038853, 0.29720000000000024)
face_0: (3.7298124080732977, -0.8545911753521225, 0.2972000000000004)
face_0: (-0.11717767445196436, 3.008046147995909, 0.2972000000000001)
face_0: (-0.12856508631067232, 2.998235908224146, 0.29720000000000035)
face_0: (-0.14222673574012945, 2.99994067453714, 0.29720000000000013)
face_0: (-0.14849918592587946, 3.006704269899341, 0.2972000000000001)
face_0: (-0.14907013557996657, 3.012643568326715, 0.2972000000000001)
face_0: (-0.1521878651972044, 3.0187962236587644, 0.29720000000000013)
face_0: (-0.16519459864690028, 3.0277227489948255, 0.2972000000000001)
face_0: (-0.1754169849036996, 3.033097637422436, 0.29720000000000024)
face_0: (-0.1595354847063471, 3.028636149657767, 0.29720000000000024)
face_0: (-0.14513528114551566, 3.0392530017009163, 0.2972000000000003)
face_0: (-0.13990025095357245, 3.057119442958007, 0.2972000000000002)
face_0: (-0.17898739633796357, 3.0727739308790607, 0.2972000000000003)
face_0: (-0.18420836828446258, 3.0788826288495885, 0.2972000000000003)
face_0: (-0.14242703493615255, 3.0803970117885577, 0.2972000000000002)
face_0: (-0.13914491477960517, 3.0700675154271977, 0.2972000000000002)
face_0: (-0.13571885043033227, 3.0427569670677452, 0.29720000000000013)
face_0: (-0.1146690589600094, 3.0101641560120065, 0.2971999999999999)
face_0: (-0.2545215984074276, 2.998618740122981, 0.2972)
face_0: (-0.2554424247712611, 3.022319910292177, 0.29720000000000013)
face_0: (-0.29726240398823167, 3.0428849347465072, 0.2972000000000002)
face_0: (-0.2887507591970162, 3.058030286292932, 0.29719999999999996)
face_0: (-0.26267468542365946, 3.0594617581286054, 0.29720000000000013)
face_0: (-0.2636338440191037, 3.052815392519826, 0.29719999999999996)
face_0: (-0.26387249731251594, 3.0404880919819828, 0.2972000000000002)
face_0: (-0.26519473209585354, 3.022888317810677, 0.29720000000000024)
face_0: (-0.2698500975783701, 2.9995221681830264, 0.2972000000000002)
face_0: (-0.30847001350190056, 2.975172423054565, 0.29720000000000035)
face_0: (0.257327290067193, -0.13115140955992305, 0.29720000000000024)
face_0: (0.28733579022984257, -0.11034753773650008, 0.2972000000000002)
face_0: (0.30596016908314055, -0.16600283437571622, 0.2972000000000002)
face_0: (0.3187139019643799, -0.14390857644677663, 0.2972000000000002)
face_0: (0.3216978417982681, -0.15595261411085637, 0.29720000000000035)
face_0: (0.3191976206417444, -0.15391102678861962, 0.2972000000000003)
face_0: (0.31015368302254465, -0.16573980087700724, 0.2972000000000002)
face_0: (0.29944272893828505, -0.18338129660014751, 0.29720000000000024)
face_0: (0.29233072740684163, -0.1751680699112232, 0.2972000000000002)
face_0: (0.28149321870797894, -0.18211612157969154, 0.2972000000000002)
face_0: (0.2805738411342794, -0.1831784324117695, 0.2972000000000001)
face_0: (0.28057416013178527, -0.1831733661904778, 0.2972000000000002)
face_0: (0.2832024960249675, -0.19458766448761933, 0.2972000000000002)
face_0: (0.2943398933966125, -0.22481247329786685, 0.2972)
face_0: (0.31116396616884856, -0.25283037099135136, 0.2972000000000001)
face_0: (0.3272848436632746, -0.28544304173455637, 0.29720000000000013)
face_0: (0.32997901082076, -0.24270011476582481, 0.29720000000000013)
face_0: (0.3271304137340779, -0.2954501296658457, 0.2972000000000002)
face_0: (0.306352023345847, -0.23007618587607553, 0.2972000000000002)
face_0: (0.2854079465051531, -0.21893076931122596, 0.2972)
face_0: (nan, nan, nan)
face_0: (3.785021038282559, -0.8793231045718352, 0.2972000000000006)
face_0: (-0.11311397664935785, 3.002386472774633, 0.29719999999999996)
face_0: (-0.1410298253870107, 3.038353425026505, 0.29720000000000024)
face_0: (-0.11017529769849743, 3.054957913963132, 0.29720000000000013)
face_0: (-0.16189166056500875, 3.0754979208270856, 0.2972000000000002)
face_0: (-0.16911898781676538, 3.0784840981080244, 0.29720000000000024)
face_0: (-0.12248883820756579, 3.076155532149743, 0.29720000000000024)
face_0: (-0.11869937447394241, 3.067160131357598, 0.29720000000000013)
face_0: (-0.14625181470279902, 3.038981517209292, 0.29720000000000013)
face_0: (-0.0903822901522347, 3.018743025955919, 0.2972000000000001)
face_0: (-0.25589064606541767, 2.963234953627624, 0.2972000000000001)
face_0: (-0.29564150696641117, 2.991162844668798, 0.2972)
face_0: (-0.28305445241833704, 3.0181994228788502, 0.29720000000000024)
face_0: (-0.25964913392143396, 3.0343490591630666, 0.2972000000000003)
face_0: (-0.2886035411609965, 3.049526605870759, 0.29719999999999996)
face_0: (-0.28107692594545985, 3.049518794951388, 0.2972000000000002)
face_0: (-0.25227779302202946, 3.0305192866341852, 0.29720000000000035)
face_0: (-0.24982010384728873, 3.0141463081616227, 0.2972000000000001)
face_0: (-0.2471643921185062, 2.9964109608689515, 0.29719999999999996)
face_0: (-0.27273953191470707, 2.9814195829344636, 0.29719999999999996)
face_0: (-0.2938316380816262, 2.954336649087649, 0.29720000000000024)
face_0: (0.25480167692909206, -0.15545053132273456, 0.29720000000000024)
face_0: (0.2837428304387556, -0.16404928671389646, 0.29720000000000046)
face_0: (0.302910124758378, -0.16802898237414887, 0.29720000000000024)
face_0: (0.32073508017190744, -0.14416061717176898, 0.2972000000000002)
face_0: (0.32927778411878217, -0.1558152185531146, 0.29720000000000013)
face_0: (0.32558041266483106, -0.195089431666364, 0.29720000000000035)
face_0: (0.3226035797002642, -0.19655479900098421, 0.29720000000000035)
face_0: (0.3182372159963953, -0.19405277560952616, 0.29720000000000024)
face_0: (0.3125104669229586, -0.17745769519447707, 0.2972000000000005)
face_0: (0.30261123918447874, -0.1780280055902649, 0.29720000000000024)
face_0: (0.2955954279847508, -0.21066682040014176, 0.2972000000000001)
face_0: (0.29559857428591996, -0.2106660035773736, 0.2972000000000002)
face_0: (0.29593355637239294, -0.2123903719419173, 0.29720000000000013)
face_0: (0.2990839169355052, -0.23014655387315372, 0.2972000000000003)
face_0: (0.3138118170751488, -0.23993484021517153, 0.2972000000000002)
face_0: (0.3233869203636246, -0.24920008092650414, 0.29719999999999996)
face_0: (0.33335651998848437, -0.26711975205142713, 0.2972000000000003)
face_0: (0.3339811039298799, -0.26650210810073144, 0.29720000000000013)
face_0: (0.32366297459289706, -0.2672176324735108, 0.29720000000000013)
face_0: (0.30678649530584523, -0.26099869296854017, 0.29719999999999996)
face_0: (0.26899163118629177, -0.24766942076455245, 0.29720000000000013)
face_0: (-0.4562593786589431, -1.8604133176446236, 0.2972000000000002)
face_0: (-0.4148184634819922, -1.891971592133011, 0.2972000000000003)
face_0: (-0.4148380205202085, -1.896172491466868, 0.29720000000000035)
face_0: (-0.41054448942907285, -1.8990214533553518, 0.2972000000000002)
face_0: (-0.4115712821483771, -1.9096488449347897, 0.2972000000000004)
face_0: (-0.41892783785982646, -1.9141365910749886, 0.29720000000000046)
face_0: (-0.41052516932381555, -1.918175291359411, 0.29720000000000035)
face_0: (-0.41173549468289283, -1.920043059647633, 0.2972000000000001)
face_0: (-0.4143762217772263, -1.9234784006387589, 0.2972000000000001)
face_0: (-0.40860117136309454, -1.9298997561870248, 0.2972000000000001)
face_0: (-0.40345898765384325, -1.9311669472280482, 0.29720000000000046)
face_0: (-0.4074740867611422, -1.9258950681303553, 0.29720000000000024)
face_0: (-0.39504521957812316, -1.9253621616699987, 0.29720000000000035)
face_0: (-0.39367474860629864, -1.9219356915924433, 0.29720000000000024)
face_0: (-0.4129137114537428, -1.9147803271294053, 0.29720000000000024)
face_0: (-0.41373467853274726, -1.9142715124964225, 0.29719999999999996)
face_0: (-0.4088310073416843, -1.914392746600556, 0.2972000000000001)
face_0: (-0.3718339167649222, -1.9114458933209897, 0.29720000000000035)
face_0: (-0.3409219721002725, -1.892424275395424, 0.29720000000000024)
face_0: (-0.36330297718373294, -1.8477625541935723, 0.2972000000000001)
face_0: (-0.3455034966712367, -1.8051305695072513, 0.2972000000000001)
